7312
4257
4490
2372
3223
2077
2818
709
531
4528
3518
917
3918
417
4925
2859
3239
532
2087
4940
3626
3875
496
799
1347
73
692
4827
484
40
1474
4155
1024
3607
3576
468
2918
3900
574
2766
2803
3914
4480
1992
525
938
4945
256
1382
4146
3243
1238
1958
4965
253
4252
2785
3568
1450
2345
4591
3159
1524
4764
1791
1561
1624
1106
2000
1979
3361
3466
3783
1694
675
3937
1542
3917
3362
2898
1449
3939
4571
3617
579
1257
3860
835
2967
4345
2469
163
1114
4305
3306
1321
4608
2737
4767
1466
3892
2756
4923
135
1903
252
802
4586
4242
168
1445
3687
4790
4781
3176
4809
3188
2708
1074
1590
3397
3643
1914
862
3638
4632
971
4425
2379
4034
2944
917
2655
4172
900
4445
2960
3097
1616
251
2123
4795
862
3225
3095
655
3227
2691
1320
2993
2822
1510
2412
3936
3786
4242
1207
81
2872
2764
4845
4851
477
3503
1445
1667
1436
3180
3110
1647
2557
4764
2435
4750
348
2145
451
2997
4654
906
930
3628
1924
3425
1300
3842
688
4495
3973
2070
1355
3563
3764
3559
2890
1678
2224
430
26
254
3111
3257
1639
4779
4956
2651
3620
4691
1648
290
3091
718
232
4351
78
3148
1664
4278
2827
3626
91
4433
3795
4291
4346
218
4979
1292
1730
3901
3622
4975
3819
506
2579
1321
2009
1842
3537
3545
1732
3914
1077
4122
3785
4743
1079
865
4045
864
3276
1125
3875
1604
4894
613
2928
550
136
2827
3679
3523
3985
1567
2927
1726
3185
2577
4747
2711
2522
908
1815
236
500
3207
2831
2108
302
3776
2789
2589
4486
4892
194
3060
211
597
909
1153
918
3880
2232
4740
286
4930
2961
2784
4987
2953
668
246
4224
827
1128
3956
1293
763
1878
594
429
4986
2162
1710
1037
3409
121
4011
961
167
4929
977
870
2900
1707
4251
2962
2661
521
116
4121
3364
2393
2858
1431
2779
327
2703
1378
2144
1544
1575
3425
3650
3722
4911
3654
4164
2834
2330
48
4806
3297
4041
2595
4176
2541
3509
3812
3318
1778
10
3464
2786
2695
2436
237
1491
1048
2876
2869
3380
2636
272
3766
1361
4936
715
4463
3321
3764
1751
4360
2510
3678
3402
2075
4065
3499
3473
2358
941
4212
4135
1016
1055
763
666
459
3030
1714
1746
4512
532
1494
3632
2918
4795
4048
3134
3497
1646
3994
1303
3308
2994
2019
1375
4244
3486
139
610
3441
813
4608
1325
4537
2909
4737
1591
2297
2124
4590
791
383
306
1572
4453
60
4596
1196
1583
1462
1678
911
999
3614
3146
2729
1005
4809
1649
4522
4142
1078
1479
3302
612
2428
3292
477
428
4255
743
4090
300
4836
1913
1280
1758
4070
528
782
2032
3738
1152
104
3771
351
3727
113
3782
3318
1042
1177
4552
3558
3014
4666
508
863
3899
1587
3626
2302
2931
1330
211
3697
180
3066
2426
1743
2856
90
4415
642
2673
3513
3668
4237
2331
1051
3618
2488
3670
4307
3331
4804
1537
3861
4536
2180
976
691
187
286
883
4935
2210
1712
4907
3757
4063
2274
4994
4152
1291
3936
4636
3827
284
170
2586
3928
2059
3768
3533
1259
3982
1968
4980
4823
3012
4505
4363
1958
4223
1605
2272
3095
3073
1242
1482
1144
4130
2987
2397
1869
2743
4586
3404
138
4451
2024
4608
3816
4758
4167
370
2228
4268
4285
104
4508
1079
2646
2798
4876
3772
2115
3832
1871
4262
2211
2738
1818
318
1306
2697
3378
2543
1771
1725
4834
180
3680
1704
3902
4198
4322
4637
1223
4716
3179
763
3387
2990
217
459
4274
862
4300
1185
4750
2769
3300
2065
261
2176
2990
2102
3670
556
3140
3409
1756
2846
1327
3331
3174
3656
2821
3747
3280
3365
3611
2425
2188
2635
3029
4768
1599
2823
2685
4920
3450
3212
4396
2769
4177
3986
1604
3029
2456
1396
1323
4250
590
3624
1993
4294
346
2426
1773
4553
2922
1771
1685
2935
4889
330
3722
433
2442
4853
500
2924
4977
1179
283
3684
1084
3888
4253
3006
291
4337
1689
4196
2520
186
3339
203
4042
2287
3627
2083
3868
2253
3497
4533
2960
845
2645
4750
307
3828
2598
3957
4931
2823
598
1030
1147
4256
3554
4803
936
4466
1354
776
2130
3630
4701
4179
4224
227
4251
4529
2
1397
243
2122
860
2687
4996
4149
1641
3367
4617
2486
2058
704
1015
1527
1268
3327
865
2831
4979
93
4441
3770
548
1676
4374
4803
4877
2405
2243
4478
2580
4807
4566
2780
2773
3632
4201
1991
2104
149
3397
4762
4061
890
703
1752
423
3072
766
782
4705
1407
3588
1135
4847
3098
3159
327
2935
4380
4512
1398
3691
3105
3160
1533
611
2509
1550
2619
4097
1468
3646
1147
4653
1294
1013
3750
1244
3326
1781
517
210
384
2707
1172
3700
3418
4147
4121
3465
2571
3092
378
973
4184
626
3367
3248
2231
2079
1652
535
4057
851
4696
1861
1275
432
1895
2863
2163
3359
2214
1771
1943
994
956
4270
1843
3765
1381
1094
1986
3216
2106
3571
1704
4570
1496
2020
4075
1706
2536
4870
4142
447
986
2584
2479
770
1002
4994
2522
4103
752
3465
1354
3185
1003
366
4449
4059
2083
2695
185
2640
4111
4353
4849
1957
1878
2462
3219
614
4339
2368
3763
3230
4193
3400
937
4618
684
3271
79
1243
3361
3038
2898
1066
1197
1841
3627
1241
188
1313
2503
2209
3243
3367
4325
1715
3983
2307
520
2884
804
2631
3331
2023
4423
2616
405
4034
964
837
2382
1366
3505
3019
4767
1235
2960
242
3765
474
4091
1347
3519
2682
4414
2556
4610
3586
2809
726
550
2379
638
3373
446
4590
1291
3581
1964
495
4136
1176
4217
2395
1030
3092
230
4106
2676
705
3191
1914
3332
4982
4775
2802
578
1722
2458
3230
2146
3820
872
4880
4070
444
4960
2802
3748
4237
4861
1091
2873
2206
4241
1813
3553
3715
33
4169
1365
112
2357
3002
1546
4868
3746
3619
3968
732
1646
3574
4099
1368
2581
1466
641
4104
288
3052
1164
2924
3603
971
4592
1612
2854
1145
4104
982
1060
1502
602
1484
3283
1999
666
3051
4062
4057
3584
2984
3981
2420
4846
4814
2078
3151
3256
1548
975
2921
651
440
1309
2043
2059
3433
1328
1682
18
2750
1240
4525
4696
4633
241
2781
1383
1155
1973
2740
3925
119
1542
1293
1663
1515
4109
1764
3480
681
1505
4089
650
3342
4293
2915
251
903
2180
1458
3076
1000
704
4012
4106
3061
1695
878
4843
1811
4073
1061
4976
2983
191
545
1184
231
1040
2089
3087
140
1368
1504
754
3504
2920
95
4470
531
801
3481
896
457
4191
3350
120
2111
3489
760
604
1338
1269
2505
3443
3834
4316
708
3923
2871
3397
242
1858
571
1373
3798
2788
3924
3694
436
4698
2442
3328
209
4576
3460
4705
45
774
3362
3287
4382
844
3674
3999
3217
238
4813
2837
98
35
2483
1642
3310
1627
2152
1211
4946
3142
776
2604
4831
1211
1968
775
4277
2586
1080
3425
3484
3024
284
1260
973
806
558
3703
3825
4214
2647
1453
3662
1337
2502
4209
231
1581
3368
3268
2189
1345
1720
4720
3163
1437
2474
4405
473
906
485
861
3941
1175
135
2026
3074
514
2957
541
2515
2154
4616
1148
3088
4575
2236
1784
3931
4805
1036
2688
192
4897
452
37
497
3068
4457
2356
3969
4423
3562
4259
2839
1544
2107
2834
3830
2714
3752
2366
4345
4999
764
2936
3151
935
3616
2838
4706
1086
1577
3689
1463
347
2517
569
4530
3421
873
2521
4797
4569
1783
1261
4254
3395
1733
3009
528
2090
1661
4942
1821
342
2360
3868
4321
1815
4185
412
4854
952
3543
2124
3018
624
2358
3697
4284
44
3732
1670
3576
3212
2323
4811
2679
1099
1528
4638
4390
711
1430
3411
1720
1156
1611
4277
1611
843
1343
142
4562
977
1391
4295
4294
3614
1624
1757
54
2584
1928
827
3490
2801
431
4313
2031
2568
2896
4504
1611
4736
253
19
3156
785
2622
1285
4682
2135
2840
4551
4041
327
506
2018
1315
1988
3728
2893
4606
889
332
1897
3514
2754
3043
3036
906
3920
4272
2281
648
2370
461
3079
1904
4173
3610
3548
4195
4821
3517
3570
1904
3554
3476
3933
2109
4285
4651
3146
618
4374
123
539
2897
2103
3655
1775
4094
406
529
4970
763
3068
3447
2195
973
357
366
2263
4414
3807
3305
1333
4805
4650
2619
3072
3368
2240
4994
4799
4383
2629
380
298
1880
3381
3440
3756
334
3582
3621
2586
1812
2987
4850
4731
2425
1198
966
3412
2057
1792
1459
4197
3320
2342
3752
670
3370
4358
3290
975
750
2281
916
2973
3685
2770
3613
790
1323
4732
4487
98
282
1691
985
3529
445
1364
1732
1271
1401
2535
2060
32
4083
1637
1222
1227
1138
752
557
1480
4324
101
1365
250
2731
1486
4054
689
1977
4538
1197
618
1587
107
1522
881
668
4570
4445
3154
633
371
754
3751
3167
1625
4173
3825
1858
4213
1101
4896
1908
2369
1522
1575
4122
3425
3172
913
1936
4008
3354
4838
3601
4727
3418
3746
743
1064
4808
419
4451
980
2744
4092
720
4524
4077
4689
3542
2546
4575
1928
1204
482
2925
3278
4366
4053
4028
3485
3327
1645
2742
1718
1455
3063
1100
225
2159
1355
2156
715
2920
3400
2037
1651
1850
979
3506
1000
4948
2147
4285
4999
757
2811
1696
3954
3359
548
1696
1143
4770
1871
225
429
3572
349
2891
2273
3315
1207
417
1485
1572
3296
1933
3162
3753
1606
1154
962
4738
2828
1742
4092
1149
2819
2626
1082
2609
3192
1889
4752
1636
4700
3898
3533
3958
2499
3692
4675
3842
2870
330
4719
2760
2477
1771
2032
4105
4797
3117
111
1898
3905
2472
3848
2452
3414
4511
3909
4712
3010
821
1957
2561
1660
3486
1432
745
309
3917
263
172
2564
2897
2949
3259
4659
4923
121
688
761
410
3882
2400
1516
3070
1907
2917
2564
1742
2571
4086
665
1330
2092
2198
2968
992
3047
977
4909
4667
1387
2363
4218
4105
1507
3120
2486
3031
778
2279
1827
2750
1419
2122
2211
4502
3509
3923
156
2140
3467
3942
1600
240
2338
229
949
2598
2763
1652
4472
4165
2634
2166
4454
881
2021
771
795
1510
3118
782
3988
3571
643
1006
2773
1667
2330
1175
1103
1042
893
4513
2424
1987
129
1626
4715
1813
3613
2013
2162
437
4796
2350
3821
3307
2168
4372
1132
1283
2557
4612
4700
1307
4561
3479
1301
4200
2584
2149
4712
1639
4908
2535
3560
3481
1809
3155
1080
3874
1720
2086
344
239
94
2272
4281
3081
1676
4415
2519
1776
2594
3328
1931
1912
3833
114
4538
3526
2365
4787
286
1565
469
1969
3134
228
2540
1140
1739
1396
1984
2472
1036
4241
3643
4697
2946
3228
4570
2577
3469
164
2845
3517
4460
2633
583
549
1450
1166
3241
2445
3991
728
2800
986
2116
3693
2461
466
1689
1267
19
384
2610
3456
1176
3870
2062
4065
2681
1825
258
1861
3321
931
3419
2039
3463
2647
3056
3295
1100
89
1961
404
4021
186
711
4926
4090
4843
3901
2802
344
1941
2750
1923
3009
4838
243
409
391
2765
1434
2267
4963
3864
98
1291
3969
2916
3507
1548
3244
1741
4662
3569
1026
2080
1006
4423
988
3313
243
2142
820
705
2655
634
4267
4024
4959
42
633
1246
3589
4755
1427
2793
4989
1671
3999
3171
2413
70
1735
4174
2502
1488
4605
1820
852
3247
2659
3006
3656
2901
3339
2473
2493
2717
1347
1039
1271
3421
2149
2214
3374
4921
2109
1257
3083
3351
4673
3450
3425
3829
2987
1862
2690
1552
4823
4172
4015
397
715
3154
1570
3067
763
1316
3104
4866
4642
1766
1812
4642
2983
4813
765
1071
1433
2993
421
421
1392
1179
4062
3167
3614
3173
2345
1362
2642
1744
1562
1426
1276
345
585
3151
111
1868
3957
23
2510
2670
3030
3649
237
3736
3581
970
4383
320
1891
2163
152
1586
1792
4607
2523
2814
2862
4071
2804
4467
4504
3307
3632
35
2387
586
1998
2869
2351
1306
1493
1377
2666
4697
1070
1832
3250
4830
3281
3769
272
575
111
4370
1359
2909
4257
533
514
4967
2949
319
2690
553
148
4305
925
378
1324
1953
3869
2193
2786
3490
3494
1068
4950
3954
1824
4557
824
2973
1537
4146
2395
1609
3364
4375
3595
1059
3322
4312
3996
2305
4943
2584
2422
872
833
2005
4213
1686
4087
2950
4959
665
3306
1024
2153
2064
249
4242
4364
3796
1400
2879
172
1932
4092
1404
1391
303
4156
1426
1769
1682
458
2349
3694
3343
2103
2564
1201
1862
1520
3311
2925
4929
1143
28
3518
1584
2876
1904
1439
1718
3109
4565
4955
931
1593
3301
1671
2801
102
27
4869
2439
1440
1188
2497
2730
1004
1173
1671
3036
1834
1413
3160
4252
4787
4202
1443
4002
3237
2486
1559
1472
1502
2311
4173
2824
3011
3328
4978
412
3070
4818
3804
2023
1995
4953
2573
204
2262
4620
4549
1320
3296
3973
175
4368
4491
36
2140
720
1050
2094
4235
2920
3296
3311
4980
3374
3161
2013
2969
2265
1653
4321
1365
3318
3274
1380
4023
1107
2477
4262
235
4420
3478
2718
4230
1848
2966
357
4132
3158
494
3493
3261
3196
3643
3872
4321
4053
4361
1705
4253
952
4239
4966
4249
2870
4864
3699
719
208
4799
4173
3797
3925
2213
2069
310
3420
1618
1533
3009
4109
4724
2849
2249
84
3920
687
245
2454
2509
2379
1494
4978
3373
1429
935
366
2427
510
3957
3213
4848
546
4405
3850
796
3068
3342
1539
3032
1943
2425
338
1635
2725
1408
1652
785
3361
4466
3960
4414
3691
4749
2456
1363
3216
815
4365
1595
1898
2369
4526
2890
2343
1022
425
2443
3564
4663
1212
4706
1680
1350
1437
880
1318
581
2138
1468
3184
1182
4657
1372
3285
1066
1053
2144
2501
4564
4268
3110
1798
3075
1254
2259
3189
4344
3133
3990
4635
4743
3064
4037
3522
2572
4927
2139
2958
3519
4085
323
3158
2131
499
3999
1350
330
4185
4387
3215
769
3552
4217
1620
4095
3467
4027
4528
4984
2002
3850
3279
2154
2666
4561
136
2446
2610
4630
4850
3423
1720
1623
4267
2912
2724
3306
1422
2354
3467
859
1380
3805
4244
1303
112
3004
708
2930
19
2914
1146
1217
1337
3787
1099
3430
2545
1898
3171
2883
64
4718
590
3611
3006
544
4519
3032
2441
225
2404
4035
1697
2960
2652
3791
4477
1839
4753
4542
1185
3153
3554
1520
676
1326
1780
155
4839
3672
1032
3749
1782
1093
3448
3794
152
2279
3932
3221
2060
4902
1343
2955
384
2812
1338
4279
2749
3255
3614
3694
4313
2704
2127
3123
4620
3964
3533
1585
135
835
1454
4673
3790
4773
2385
496
792
668
3043
51
1196
1056
3665
1338
4262
4853
2350
4936
2401
2936
1804
4148
3606
3744
1973
288
631
2374
4910
3148
2791
1526
1889
3205
2219
2064
2213
651
592
4874
3373
1914
4838
4168
3233
1942
1091
367
1695
138
220
3249
1845
4522
579
3063
3946
2370
4240
3930
4759
1333
1867
4955
4584
2773
3540
122
100
3852
3326
3235
2553
1743
4101
3871
3088
2171
1158
4557
70
365
3424
3154
2021
460
4708
2749
4432
4276
4225
4175
4050
2426
837
3659
431
4693
3809
4996
1453
2650
4651
2075
2237
596
4536
3548
397
938
114
1916
4840
2338
2029
4356
396
3058
333
2130
1394
3169
4044
4541
3944
2496
3549
1998
4071
1439
4157
904
2052
4103
2127
773
2269
2479
680
1173
2645
1777
3061
2859
3262
414
2467
3720
63
3534
4805
962
1659
1420
4517
1321
115
3628
1443
909
249
1161
2534
769
1435
2571
1494
3072
1094
428
1865
1410
87
2198
4887
1596
1966
4226
2455
1920
660
4152
2885
3867
4460
814
2752
883
3319
1413
2004
3905
1411
3449
1704
2995
2529
3765
4198
4642
2430
3840
4273
3954
4437
4304
1856
257
2679
2575
2113
3353
1128
394
2396
1018
1224
3003
2330
1148
1220
3679
3483
4328
1561
1349
3485
4509
2538
45
1162
1899
3174
2049
4242
3128
3824
1646
4443
4270
4208
3571
1332
2292
3715
4385
1119
86
1614
1210
4735
4303
1456
478
851
3848
1363
4633
4244
34
72
1968
2813
2061
2576
4156
2819
3725
3978
2334
1422
3986
661
1024
3391
296
4240
4564
4945
4420
817
3183
2032
772
963
321
3017
2217
4492
4312
1643
2627
3534
1086
356
4469
2648
109
1572
3108
684
3403
200
2554
931
2090
4829
4864
3599
1608
2272
2488
3087
403
801
4439
1549
2664
1287
3265
236
3406
2624
458
754
3992
3296
3143
4830
3031
4637
4548
3475
1415
3408
52
4416
1157
1559
4345
525
602
4658
3568
1532
3530
2315
4115
1707
1644
4073
2155
2352
3958
2663
4843
4870
2622
3217
602
2909
2799
2032
1824
577
4324
1736
3854
3004
4988
1237
4094
596
4467
3717
4685
4155
4115
3973
1257
4697
1061
2864
3885
4166
301
1253
4529
1465
798
3801
2922
2178
875
4208
66
108
4588
3019
265
4298
4116
1883
3881
1494
3627
4270
3798
1145
2551
1978
3939
2858
617
4428
3033
4923
3575
3655
1222
1947
2028
2107
1056
4855
1383
2853
2847
2526
3526
2575
2391
1089
480
1745
1545
4514
1938
3744
4239
3416
2276
270
2073
3186
3401
4279
4765
2396
2495
3886
1372
3187
3557
1094
3389
1748
3438
2953
533
4317
1927
4792
4268
2092
1324
420
2904
2323
3853
2823
404
2398
227
707
3877
4150
4622
1388
2081
1734
364
3964
4203
3400
1657
3393
4560
169
4728
1095
4875
2952
1917
965
1237
3916
4330
1221
2910
2968
2855
2343
4689
1075
3548
4492
3593
3767
1595
4146
4319
565
3345
4403
998
4282
3184
1335
520
3099
1340
20
4851
3076
62
3383
1569
4296
4016
4796
3060
136
1120
1447
678
1278
2540
4858
463
3922
4979
2573
1903
347
4970
951
630
4387
3369
3224
4846
4601
3839
4435
3767
3956
1733
665
4343
1568
4375
3997
47
4662
446
1981
2583
2223
4866
997
3940
939
1260
1783
2348
3978
1916
2591
1343
3769
4868
861
1307
1491
4600
3060
2594
3178
1714
4345
3570
397
2767
4994
674
2288
4424
4144
933
300
1005
3238
165
2404
1486
1693
2507
4637
1013
775
3785
4860
3062
3317
2676
1248
1385
1944
4572
1594
1064
1716
3572
3758
62
4647
3008
2669
1860
3388
4510
118
960
4482
4683
232
1252
2990
2074
897
2516
4927
293
4607
2602
1961
792
1178
2171
4011
1045
4516
226
4910
604
1158
2029
4126
3784
4639
1449
3566
3541
1789
2204
2882
1414
4995
1941
4335
3335
3071
4620
4175
420
2854
208
1733
2878
3835
1234
4871
3563
4164
3388
1235
731
3117
1978
3772
2071
2712
2699
1334
4131
4471
3894
771
2874
1486
3199
833
2168
818
4224
356
2720
1976
3717
3666
4097
3681
1470
4876
2223
3363
4093
4767
3959
1895
4655
4222
4168
4844
3099
1797
3959
1158
2314
4843
1640
546
1680
3740
296
1993
3954
2250
2782
2764
2380
3663
1374
5000
2982
2423
264
487
2101
4184
4601
3469
1379
3774
4772
1444
1550
413
4210
4719
2591
2586
3076
2132
1026
1425
3785
2752
422
1077
2509
1557
3411
2521
3453
1070
2906
3511
4916
657
1496
1850
2914
761
1437
2008
4377
629
3029
1138
2766
191
1640
4963
4296
4640
3106
1584
2797
3902
3748
2240
653
3628
4784
2206
2214
4570
1487
2546
4487
3185
49
4159
2968
3116
4723
4648
2936
4735
4518
826
3644
3314
2371
338
4392
475
496
4702
2591
3506
3325
3318
4595
2815
4281
3375
234
4250
4416
4398
1714
275
4829
3115
1772
2026
633
4686
4766
3074
2174
4882
2688
326
4145
4662
896
2874
220
3764
774
735
4836
3308
3376
2408
4790
4153
4604
2845
1398
2706
3356
1965
4060
4172
4653
3115
3202
4751
4706
945
4753
4156
4499
4000
4474
2901
2503
3974
3732
214
799
967
3518
3121
1986
2280
854
155
1988
1239
993
4433
1038
2323
234
320
1883
4359
2500
720
526
4893
3283
3099
633
935
1982
1716
3042
4138
3152
1174
1721
2147
3682
2323
1887
2271
1465
765
4941
3880
1686
672
3346
1898
4472
2424
1548
566
2271
1594
1579
4213
1986
4156
4033
95
600
3397
1692
2523
3752
2897
4195
2381
4479
2126
2802
1826
4118
1653
4468
448
4220
3702
4172
1410
2132
809
3684
4107
3826
611
3715
3716
450
3418
4722
2601
26
1039
4456
3902
2693
488
2727
3795
1914
4637
746
871
104
3556
3841
3765
176
295
2308
1703
4669
3096
643
1888
1181
2617
433
2732
2056
2525
1737
2772
2431
4977
1878
1735
4004
3859
4175
2634
2116
3345
2304
1955
1057
2301
3661
3965
1799
1268
2292
4934
2750
3292
3726
3580
2456
2682
289
371
3644
1807
1320
409
405
464
3014
2491
4825
4943
2501
616
853
4869
169
3629
1757
77
3171
3906
3080
2291
1503
2026
609
2124
1057
1099
2510
972
558
2034
1444
4693
1358
4342
1171
1601
650
1218
2889
1159
4770
2535
4297
1949
4921
79
4174
2961
2822
836
2082
944
3503
1360
1659
3628
1707
4330
1833
3860
2133
2166
3241
3352
2067
2216
2030
1522
2774
3368
256
119
3406
110
1044
2689
3060
2014
2766
4691
3083
4307
4524
21
2634
3723
354
2983
1072
3104
1693
1304
690
3270
1803
600
2934
1533
2072
3821
294
2862
3300
592
4684
2094
379
1049
1288
3797
1030
1695
4506
343
3605
2085
4864
3503
299
602
2500
431
520
455
4092
1165
4553
3043
907
1941
126
230
1008
1418
3945
4718
3490
620
1792
3591
2042
1828
4295
4360
4040
1850
1084
274
4876
1139
3606
2466
164
1970
1554
534
1044
1493
4491
479
4827
3774
3967
4558
4825
4116
2149
1466
4318
3808
743
2472
273
4180
3774
4559
2595
288
4615
358
4422
1810
1513
1711
3190
1763
1735
3942
1004
2477
2365
1550
1124
2842
766
2864
234
1226
4639
1349
3520
4615
685
4685
1484
1481
1858
4423
3853
3580
1315
4045
1907
390
1235
1468
1031
4209
1840
3637
338
3934
99
637
750
1473
3799
4891
2022
1272
4899
2385
2808
938
1322
2551
1007
4050
3669
1371
4334
277
2605
3533
3244
2639
4081
3944
97
2292
2883
1742
4728
2531
460
1010
2370
798
399
1745
248
360
4401
2308
4007
1969
3133
467
4539
278
4853
4378
4708
4979
281
2320
3940
2648
4810
765
1628
2060
3748
4425
2830
3292
2986
4232
1800
4299
1158
4829
456
2744
96
2031
53
793
3135
2896
4922
1263
630
1504
2359
4994
3846
2258
2447
1541
2245
4560
817
3350
86
3005
1180
2360
1154
803
2696
2591
385
1020
152
2652
3143
357
2244
3245
1897
3611
173
1696
1092
3665
199
3256
4088
1856
4753
2416
1130
1797
2195
1770
4456
1329
351
1005
807
2062
3491
4466
2805
4101
1519
2352
3900
4943
3743
3010
1814
1185
2772
1991
2750
4660
1731
2489
2912
841
229
1544
245
1873
1246
1920
2715
4388
2360
882
4824
3336
586
4184
1521
2442
389
1478
3155
4509
4330
2975
1616
741
191
1670
1334
2444
2360
622
4415
960
3723
813
1759
2448
2292
1876
1661
3181
4327
540
4046
3339
2784
11
2208
2930
1461
2599
4615
2302
1399
2834
2140
1938
1675
3998
837
1653
1962
2455
2219
3035
3903
1429
1849
1034
2613
3913
2921
839
3383
3182
4444
4823
1984
4010
3577
1151
4773
3041
3639
806
2211
2940
3344
3220
1277
1868
3815
2378
3694
2573
3046
273
2855
3856
2553
2828
2826
1484
3100
4989
2823
670
548
1475
117
3078
4071
2819
3418
2957
2224
2707
2395
4403
2574
2303
2137
4929
2937
191
4055
4512
1550
2816
1924
4016
4884
4806
3512
2450
165
1377
4516
3791
112
1069
2331
1243
4825
1457
2518
4651
239
3102
700
452
4079
2925
2018
2978
3778
2417
4205
1172
1398
3550
3812
736
3192
1053
3088
3553
1091
3729
2563
3756
47
4862
1437
3196
3867
2330
4442
3146
2914
2962
4995
4026
4783
2834
85
585
3873
658
2525
1486
2592
163
922
4443
768
4353
1935
1146
751
4875
3203
4968
3584
3247
3591
4087
1572
2621
274
3008
4571
3844
4519
1636
1293
3032
4939
2986
3008
4572
3432
3330
56
3443
4951
2109
1713
4027
2776
3173
2058
4115
968
4026
3702
2650
234
562
2369
2866
2535
1415
3613
3853
3382
3464
3176
3273
3899
3207
4773
1892
2440
2692
3461
1843
2735
3448
4040
17
2299
2390
2357
838
1097
4985
2801
3682
1283
3055
2689
4634
4153
2480
3757
4853
320
4713
2466
3797
3534
458
4358
4705
2476
4086
3305
2279
3348
3365
4040
3226
4034
849
1065
4389
3184
862
3624
535
4567
4324
178
4453
3679
2822
1520
931
4690
3213
4435
3333
1444
4757
2601
1971
1444
2216
3239
2191
1439
649
1891
2100
2480
623
3565
187
1095
1401
1428
1632
1515
4248
4143
3999
1763
3387
4954
3106
3726
3275
4613
3334
4296
2822
1286
3303
1035
4891
3654
2844
1834
2920
3516
473
3480
783
1345
2096
4116
2075
2409
1532
4099
860
2260
1519
3867
2519
3632
293
1035
787
2046
3477
2100
198
4689
3989
1794
2192
1501
3889
377
2827
3697
1644
846
625
3393
1039
4367
4350
3376
4070
3015
2640
3528
4516
4240
283
4885
1514
1354
4573
3820
3401
3748
4648
2380
1264
4432
1885
1377
4163
1026
491
433
3725
4236
4151
3835
4871
455
2191
2670
1764
2128
2058
2472
3677
1134
4032
1282
4362
1546
3994
826
703
3791
778
3268
1840
2389
1087
2848
3749
4196
2206
551
1216
3282
792
828
4490
2386
4819
2341
1462
4158
357
4598
3057
3277
233
4372
4710
2853
2796
4773
179
476
930
897
676
649
4182
4036
2281
1355
380
1565
2851
2962
2388
1703
1214
2715
727
1567
1239
2618
3601
3096
1506
2590
2537
4665
2673
4397
4220
1461
4319
22
2309
4998
1003
801
1984
1440
3497
871
4735
4790
683
229
1417
4354
393
3961
2930
1331
3551
3
4958
1797
353
3157
1099
2868
4822
2930
2350
290
50
2159
368
4285
598
2355
2151
1020
1047
100
4752
4698
417
1886
469
4883
1278
2259
480
339
4631
2228
3246
4371
2334
1448
3151
2371
2646
3836
4714
33
1729
1905
3447
502
4313
305
856
523
548
3741
3368
4530
3002
3710
2976
1486
3141
2269
1220
2197
139
4319
2718
4789
1772
2785
4819
2983
2262
3383
1141
850
385
2602
3648
3723
2844
3942
695
3067
2890
3419
1922
3160
2462
833
188
4601
2643
3333
799
3833
2063
2347
4105
4020
1013
4061
4203
917
376
2220
3861
2553
4214
194
3977
3896
2755
1916
4856
1965
3792
3540
1348
3197
4991
4363
4403
3298
2450
1883
2924
168
1866
1620
1906
2991
3100
2715
688
24
1499
134
3858
4126
320
3763
1722
3646
2759
3552
2533
1805
4605
3378
4629
355
4283
4262
3442
2915
1103
96
875
40
4888
1121
2926
1787
709
1946
524
4278
1407
2045
3472
4490
2711
2311
3091
2319
1235
1412
591
782
4374
426
485
4056
3120
3472
1376
3958
4137
806
257
3377
992
4196
1070
106
1325
2186
3640
1516
1851
259
252
4518
1539
2790
4094
1281
6
109
1482
4275
3134
4986
3325
4294
1213
3291
508
2237
1446
3654
3015
4621
1469
490
3378
3963
3677
3819
1722
3417
1519
2973
2059
305
3596
4384
2673
465
4365
1371
2409
4676
1475
1016
4439
4744
4285
4998
4596
259
904
2502
2691
2399
2179
4140
2318
3648
415
1151
2528
1742
3253
4019
3417
2681
4056
4046
2094
1172
4345
353
740
2468
1343
3224
4449
2123
4409
2731
3331
4869
3233
4087
929
444
2960
3212
4326
2922
2044
2629
466
818
2506
3870
3119
2980
4466
3275
574
116
2247
3202
675
3559
3095
412
2000
1801
1594
2611
3068
1145
3119
2927
241
4773
3271
387
4595
4480
2101
2310
3409
1270
2052
1889
3073
57
1994
1148
2168
4720
1412
869
1162
2854
3807
74
3713
4659
1624
3119
3799
2535
1581
2482
3008
2107
4092
4902
3116
1648
3590
2583
768
14
2956
4832
3414
3552
4918
3608
3900
4669
1249
4173
58
4089
1830
4236
373
202
144
1721
2385
2250
4593
2559
1744
4544
1076
737
1969
1342
1659
3137
2818
1484
1778
1595
3846
3409
4370
3989
4151
4705
3504
115
4547
911
2592
1556
4382
917
2995
2746
2028
908
2945
2967
603
480
3947
1055
3858
3268
2531
1182
1262
123
4037
4220
1254
641
2330
4806
2289
3673
4790
4444
2805
4201
657
662
3452
2886
2806
1509
3004
422
3367
3430
3140
1784
2148
3891
1909
382
3689
2917
1058
4116
3928
141
3549
4349
870
778
4555
4823
358
463
1915
661
3031
4754
554
2644
1823
4689
4639
4146
896
4739
1315
2224
1743
4086
704
586
299
1252
3487
376
275
688
4776
4984
2645
3120
1194
2356
4121
4100
2030
2636
3716
2443
111
290
1004
1957
3535
3261
2491
1160
755
2132
3566
1481
3571
4689
2898
4774
475
779
3750
838
1464
3869
2638
66
4843
4219
4932
218
1791
4199
4514
4850
444
3848
351
3845
3046
4422
1906
4094
2265
4334
2618
353
1128
608
1321
2971
166
4650
333
216
228
3963
1151
3658
162
1157
4104
180
4990
3474
2086
3947
2474
4877
499
882
4013
3644
805
1982
4580
1319
3719
103
1071
3822
4881
2700
3741
2496
1023
344
1624
1876
3052
2777
4719
2010
4187
660
3485
1221
1258
2154
4662
332
550
3960
1731
1451
1129
1463
3383
3663
3406
2195
4213
4079
3804
906
3491
996
2799
3142
248
1140
3262
2421
1120
258
3994
3708
1367
663
4573
3184
4208
671
2165
966
4187
4261
3719
4780
1554
4702
3083
3346
1775
3345
1903
3592
2137
4232
835
684
1092
1721
3505
4242
401
1824
4870
3066
373
3563
3100
4136
4497
4222
4896
4657
1529
2029
3179
3439
687
1455
3420
4960
3926
12
514
1040
3401
1175
1960
1192
2145
787
298
3328
1652
4116
3222
1727
1552
2555
3486
3842
3794
2786
2777
1786
1798
2142
3997
3116
3844
1795
4
3822
4574
4352
3676
4279
3830
4424
4369
1291
3245
4727
4192
1230
2908
1329
4292
750
3180
4723
1268
2458
195
3502
2155
3476
2905
4557
2913
4812
4565
2876
235
4033
2404
220
4559
2806
865
186
3587
4509
1182
2415
269
253
3280
991
2177
4326
4924
1431
422
2313
2816
1957
785
1847
859
3194
2537
2263
2127
800
1480
201
3170
3006
3147
3555
2161
4516
4681
1030
1052
4727
4883
3978
1339
1763
1110
1088
3258
4400
4170
2
4244
1543
3161
2895
4241
3577
1214
596
3053
1546
468
1876
3233
3844
168
1116
1162
798
718
3691
3857
308
3654
4054
4749
2483
2981
1676
3130
3038
2042
4729
4235
4072
2103
612
4939
1726
4150
1236
3871
3138
3943
4242
4353
63
2275
4208
3919
3485
2483
235
359
2589
710
3221
1153
2467
1111
2551
871
3020
3171
2905
4654
1633
1599
2369
115
4299
770
3063
121
4071
559
51
4728
1890
3474
3394
2163
3081
4435
1814
1183
3054
4183
4602
304
3056
278
1058
3369
1116
859
3990
678
4704
884
535
442
4983
3346
4821
1617
2981
4036
2819
1285
408
2810
54
2625
2377
1923
2737
3167
753
2948
2227
2452
413
2990
1737
3474
1271
3375
2588
3237
1511
4785
358
4578
2137
1856
3774
3952
4572
2553
1255
3218
1755
3294
1605
2611
3937
4646
1471
1969
3074
4619
2819
2975
4574
2011
3893
1672
1932
1015
1795
2714
3640
303
4089
4892
2681
111
612
1259
1783
4401
4958
1780
2584
2082
2969
1818
3834
1367
2894
915
2755
4793
3824
3264
4742
4133
403
3994
4631
4406
2790
3888
2896
4451
1359
4443
2238
3115
609
220
4217
4880
1350
1322
1762
1910
4291
407
1634
870
1795
1104
1155
2538
2699
2856
834
204
2780
1184
3809
4062
679
2135
4414
3340
802
208
1530
690
1034
325
2810
4452
3867
1585
3326
3774
4915
3326
1631
4180
2626
2761
2767
2145
2435
2820
1285
1398
2491
4112
2901
1191
1593
870
1021
2520
2935
2559
4012
2339
4801
379
754
3137
1397
1237
688
855
3596
883
333
3016
500
2836
984
1111
3348
387
2091
1743
3518
443
1660
4747
1034
243
3840
3561
4283
990
4772
3369
383
1262
673
1165
3966
2664
2088
3708
4976
559
200
4508
3444
3862
119
4391
1107
4838
2106
1894
1169
2546
4739
4740
3463
2089
4161
1893
2751
1096
665
2253
2964
4937
3041
871
4682
3013
2298
1686
2301
90
4623
2160
902
4053
3671
4885
1014
4634
4594
4157
2146
1664
1517
1788
3151
1122
1539
895
4257
2799
1711
4254
1849
4710
859
4851
2917
1476
577
625
1390
1781
4166
3058
3481
3658
3839
184
3542
802
23
3766
853
3327
2184
2926
1271
2382
3166
2227
600
4827
3730
1291
4124
1739
576
357
3752
2837
4875
1771
856
3079
4049
1335
3958
2565
2290
563
1112
1571
117
1403
1966
4019
62
3660
4243
4929
4472
2421
3595
440
2241
3055
4556
2791
4261
4945
3660
2256
2285
1966
3575
3395
2880
2880
4526
4150
2177
3224
1130
3249
3147
1975
4241
4088
193
1270
3331
1793
992
716
439
4407
2597
4382
1756
4252
3030
3380
2445
1315
751
71
4407
2176
2645
1304
295
385
1404
2789
263
2364
487
4640
581
1918
4161
4372
482
1167
1473
3147
345
1238
1382
3866
584
2386
1711
781
1437
300
2017
4653
4165
3225
4943
147
4049
3185
2142
3042
4979
4042
4406
4078
4348
4338
1174
3718
429
3857
2234
2876
2415
4656
4047
3729
807
4842
4776
2020
2921
1751
838
2915
4833
272
3467
1346
2239
2012
1598
4925
3321
1647
2119
3017
1924
3291
392
4253
4027
1973
2778
1789
4764
3326
3807
943
2007
3416
3509
2375
832
243
427
873
1040
3796
2745
4940
2240
2731
4029
778
2947
2658
1083
1009
1531
3747
4508
3423
2855
3881
2653
3322
4901
2836
1779
4592
4734
3057
4426
4427
2691
3431
4162
4790
2773
4097
3120
37
849
2709
4011
4835
406
807
547
4452
3288
2868
4577
729
56
395
4558
1557
1349
3921
3376
4493
2921
2126
3956
1209
2795
4340
3542
3855
4355
615
1991
2024
4036
2167
952
4964
1673
4464
4345
2863
527
426
1093
3530
2433
2225
3711
1551
1526
1941
946
1065
2533
3907
4355
608
1653
4903
2390
4115
4659
2505
1293
1029
2946
1786
4865
664
3932
1266
4950
1409
2358
463
1317
4106
3796
3673
3449
931
868
2609
2666
1446
1478
4363
885
1010
1676
751
2303
3653
3577
453
1235
1633
1151
1557
3376
2305
3606
4004
3770
4675
2478
4210
2863
2954
4554
2581
2100
2724
3205
3968
2683
1862
766
1147
235
3204
4118
2255
4364
4024
4745
4754
287
3832
3148
883
4999
1622
643
2757
2692
1689
4242
4251
3517
3351
2558
1524
1084
4446
2390
4622
2504
1245
1914
3859
193
3529
2258
1816
2088
2928
4507
4627
1412
249
4112
4933
3647
3460
4042
3275
1886
2200
1967
4937
2327
2159
204
259
4276
3444
170
3206
3639
1098
602
558
569
3274
846
2403
632
3150
2141
3789
4552
4596
896
2246
4400
3763
3641
1613
3846
4200
3503
4053
1923
1876
2765
4419
3622
3473
318
4123
1494
1620
1582
514
370
4328
1785
2343
2246
2730
1322
2278
365
1386
4285
3580
523
3823
3148
12
3695
2698
4045
730
2100
3946
2999
463
988
2542
4004
4514
509
4067
4837
3226
1219
1077
1074
1366
2979
1404
2846
4520
209
1894
2490
2016
1732
768
4420
4039
727
4747
1192
4615
4648
3313
1984
1867
1283
1997
1422
2488
553
4374
2983
3673
2031
3556
1994
2886
631
3276
3598
3656
2380
1369
909
4312
3707
4306
2999
965
1208
714
1266
1280
4429
4228
1216
1577
1809
1856
4669
1601
4564
3024
4933
3828
4936
1847
4549
2551
3958
756
1773
2107
4592
2498
3117
3503
3867
4723
4892
4403
2425
1808
1873
3891
1707
2302
956
697
2878
2401
1866
1582
2441
1162
798
411
2450
1732
1150
3024
3127
4735
3344
3400
2716
115
3128
2756
3377
2118
4606
187
2978
3855
717
1123
729
2814
4821
3442
4668
2011
2539
310
1185
2969
3048
3906
897
1584
3557
32
1420
1018
4784
237
768
2165
3885
471
421
1905
4425
3509
4336
2318
663
1323
4550
266
631
3334
338
1249
4241
2045
1290
4273
3918
3812
87
527
1070
4648
3186
3006
2034
3817
2139
1916
2019
1633
4716
1547
4948
2306
3626
3578
1049
2926
1114
4190
2503
642
382
3201
431
1900
4389
2425
4064
156
4231
2826
4959
1835
3049
624
724
4409
2080
1418
3849
417
3280
3559
1868
1885
2691
2450
254
1122
585
1199
4195
1086
3247
62
4597
1572
2138
2412
2475
1251
4122
3545
4161
235
1356
502
2639
3169
1446
1218
2629
4039
2447
4742
4006
816
3377
967
4508
766
3925
3300
3703
780
2186
972
636
1321
1365
4224
2622
2704
551
437
2215
3212
889
2409
3446
215
1669
1323
2052
2857
1134
1683
2589
3058
4089
3395
2954
550
2720
2441
4104
2425
3375
1105
4475
3194
458
1477
4874
2676
3985
2103
450
1137
4812
1929
1655
3946
1004
3407
999
1726
359
2494
1788
1350
2587
2514
3965
3412
264
1326
650
2763
266
2002
1952
504
2005
1280
150
3390
488
2384
2423
4931
878
4395
3847
1617
2008
4276
4545
2601
4007
4806
498
1840
30
2142
2707
3203
3885
464
4115
1264
4204
3163
2936
3558
1691
349
4827
3889
3891
1015
4611
855
1886
69
1137
1156
279
582
1201
3385
845
14
368
4969
1278
904
4951
2604
3525
1474
387
81
1286
4880
1711
1635
3433
2379
1898
4047
4219
520
3345
1551
2379
570
1898
4235
4437
4780
1425
3038
2789
3770
86
2607
1441
2264
2137
2288
1570
1648
1314
240
467
2327
3593
1211
777
1663
3378
4825
2362
4368
3001
3327
1603
1560
729
598
2364
2344
2366
2924
4425
2722
911
1435
3670
792
2686
1337
3925
4749
1802
4091
2926
893
2815
440
4536
2955
3965
4784
1000
1366
438
4705
2708
1669
3674
3623
3687
228
3867
4417
3768
2512
3452
2581
3213
4695
4568
3907
2351
3070
3154
3999
2672
2771
1644
4880
1685
2596
940
2838
1770
1311
688
1204
3207
2678
4696
2150
3513
1575
716
2752
4285
2019
706
2499
2707
4586
4109
2142
3035
739
2666
2295
3407
4799
764
4467
498
874
333
2267
3697
1890
3891
1383
1672
953
3389
3550
2418
1684
1149
2128
3158
3847
2335
110
3728
3512
1061
339
1426
3277
4477
2471
1636
2538
899
1750
1945
647
4323
975
2860
1829
3486
4132
696
119
3955
3046
2675
217
1598
2059
803
1075
200
179
4592
3228
4911
364
3310
3398
1657
1624
1026
617
689
1363
2329
2211
4899
2999
3319
291
650
2210
1092
4995
420
4286
747
4664
2691
4981
1635
245
145
2952
4395
1719
2445
3318
2142
3072
4555
4156
3017
4315
817
752
2181
4417
3766
1266
4284
2527
4982
2037
2350
1776
3106
1160
1019
55
1510
98
1084
607
26
40
3318
1978
1565
2449
2623
1824
394
1717
3684
2402
4384
2158
1398
2038
3503
1603
3543
1777
1450
4731
4341
4460
1348
878
781
4918
81
3491
3864
4615
3996
1553
4173
2025
1347
2319
530
1295
4115
4404
1846
1221
3534
839
639
4391
4970
2998
2132
2414
3571
3401
267
2528
2464
3285
1469
3498
136
4465
3488
4663
3035
4481
200
1188
3360
4219
3795
1043
470
3204
3423
29
2332
4549
3962
199
963
4103
255
4350
2852
1688
871
4881
1979
1436
1144
4211
4107
3156
3034
1087
1734
2331
4113
2624
4224
2834
4833
602
2370
3695
2054
2583
891
4268
2720
3717
1125
1000
4463
3679
4483
3550
4888
14
89
3416
3235
4361
2378
4381
2163
1399
1327
1009
3403
2093
4428
4158
4124
2788
478
986
950
4974
745
1176
699
2094
3102
1204
1072
4583
4267
4306
748
2449
4384
411
1515
1101
1789
2742
385
790
3973
955
1880
2983
3392
4659
39
3250
4054
921
1009
4719
1475
4883
511
3994
4948
3924
838
2476
1818
2926
4533
417
3817
1029
1345
3645
384
3976
1576
3864
3285
525
2477
2584
780
1692
4921
1281
3049
2518
174
1094
3587
2905
1238
4462
3784
1573
4878
3407
4992
569
4179
4786
3924
1875
2153
1728
3413
2559
4743
2637
1120
627
1291
4615
4063
168
2412
1873
1451
1669
4044
1722
2638
1394
2318
1044
707
2525
1848
4705
577
377
4930
4246
3294
4366
1173
320
581
563
1043
779
602
604
2886
2995
2332
467
1036
4018
1879
1087
2733
410
4610
2112
3692
1156
1942
123
1356
1885
1237
3508
1046
1733
1287
2807
3431
587
4555
2748
2048
4105
413
366
1839
1867
1367
2602
4024
268
1428
1499
3986
1236
2538
662
2193
700
1256
2942
3647
1790
3691
1433
3750
2116
2005
3712
2976
2104
707
2927
4263
2320
316
3776
539
1878
4942
1635
395
2542
3762
4097
2530
3886
4384
962
4188
3933
3610
1292
517
1999
3161
4473
437
1125
4513
1372
369
1314
3120
1558
4891
2013
2946
3283
3233
2696
2394
4344
2285
4175
2462
4228
692
242
2165
975
4470
4585
68
4981
2487
1466
4053
1590
130
530
4305
4679
1417
1245
1839
4603
3848
898
1837
807
1324
1791
2435
2134
3525
3232
618
1347
258
2215
2327
4687
1398
3228
3954
2323
2230
2429
1901
1425
178
4577
1028
198
2161
2465
1370
3627
2036
3309
706
4869
4921
4455
3217
205
4473
2056
1675
209
579
836
2374
334
3293
893
3260
395
4240
3554
1552
4589
4214
2661
2451
1486
105
303
430
2155
853
1941
3984
3981
636
77
3641
2966
3089
3080
1529
3317
2938
1592
3740
4876
1072
3939
4303
1549
757
4336
1604
2207
1360
3264
4679
4666
1710
3300
2953
3269
2961
846
3599
1272
629
4669
926
701
2269
879
1867
4615
1153
1012
917
4730
2148
171
1632
1167
3938
747
99
700
1678
4131
3633
243
1120
2931
335
3463
4307
4675
2010
380
2910
4641
4420
2483
3419
475
4767
4441
3445
4504
1832
2745
566
1207
4184
1672
4283
2139
1455
2833
2876
3702
2759
1182
157
4560
4939
2748
2383
4168
1486
2580
2884
1822
661
338
1286
1897
3541
717
542
443
4473
1430
3396
1099
2693
2787
302
4389
4662
5000
3262
3793
2006
2226
4548
4656
4843
999
747
2904
4639
169
1152
4738
4696
4664
41
982
